{"matrix": [[1.0000000000000004, 0.04000000000000001, 0.08000000000000002, 0.04000000000000001, 0.09701425001453319, 0.27852424952911653, 0.16000000000000003, 0.06963106238227915, 0.3713906763541037, 0.5335783750799326, 0.11094003924504584, 0.19727878476642874, 0.4992301766027062, 0.05714285714285714, 0.2618614682831909, 0.043643578047198484, 0.5200000000000002, 0.3342516087186933, 0.08728715609439697, 0.19402850002906638, 0.1455213750217998, 0.1392621247645583, 0.08000000000000002, 0.28, 0.1455213750217998, 0.11094003924504584, 0.16641005886756877, 0.21821789023599242, 0.24000000000000005, 0.09701425001453319, 0.2773500981126146, 0.13093073414159545, 0.2599734734478726, 0.11094003924504584, 0.06575959492214292, 0.24253562503633297, 0.3600000000000001, 0.10444659357341872, 0.10444659357341872, 0.24253562503633297, 0.06963106238227915, 0.12000000000000002, 0.13093073414159545, 0.08728715609439697, 0.13093073414159545, 0.2618614682831909, 0.21821789023599242, 0.07427813527082075, 0.1455213750217998, 0.2910427500435996, 0.19402850002906638, 0.1455213750217998, 0.06963106238227915, 0.44566881162492444, 0.11094003924504584, 0.07947194142390264, 0.24000000000000005, 0.20000000000000004, 0.28, 0.4992301766027062, 0.2618614682831909, 0.1455213750217998, 0.4085297439895141, 0.4828078792603348, 0.06963106238227915, 0.09701425001453319, 0.08571428571428572, 0.1455213750217998, 0.44000000000000017, 0.043643578047198484, 0.19402850002906638, 0.3342516087186933, 0.17457431218879393, 0.5820855000871992, 0.043643578047198484, 0.19402850002906638, 0.5570484990582332, 0.38297084310253526, 0.09701425001453319, 0.21821789023599242, 0.3055050463303894, 0.24253562503633297], [0.04000000000000001, 1.0000000000000002, 0.32000000000000006, 0.20000000000000004, 0.19402850002906638, 0.06963106238227915, 0.12000000000000002, 0.17407765595569785, 0.22283440581246222, 0.19402850002906638, 0.22188007849009167, 0.13151918984428584, 0.11094003924504584, 0.11428571428571428, 0.17457431218879393, 0.21821789023599242, 0.08000000000000002, 0.44566881162492444, 0.17457431218879393, 0.1455213750217998, 0.5335783750799326, 0.06963106238227915, 0.5200000000000001, 0.12000000000000002, 0.3880570000581328, 0.22188007849009167, 0.22188007849009167, 0.17457431218879393, 0.5600000000000002, 0.19402850002906638, 0.05547001962252292, 0.34914862437758787, 0.1485562705416415, 0.44376015698018334, 0.13151918984428584, 0.19402850002906638, 0.28, 0.10444659357341872, 0.24370871833797703, 0.43656412506539943, 0.1392621247645583, 0.44000000000000017, 0.13093073414159545, 0.5237229365663818, 0.3055050463303894, 0.13093073414159545, 0.043643578047198484, 0.4828078792603348, 0.1455213750217998, 0.19402850002906638, 0.09701425001453319, 0.1455213750217998, 0.17407765595569785, 0.11141720290623112, 0.22188007849009167, 0.07947194142390264, 0.16000000000000003, 0.08000000000000002, 0.28, 0.05547001962252292, 0.0, 0.5820855000871992, 0.1485562705416415, 0.037139067635410375, 0.48741743667595394, 0.2910427500435996, 0.08571428571428572, 0.19402850002906638, 0.12000000000000002, 0.21821789023599242, 0.09701425001453319, 0.07427813527082075, 0.08728715609439697, 0.1455213750217998, 0.21821789023599242, 0.09701425001453319, 0.24370871833797703, 0.10444659357341872, 0.38805700005813276, 0.21821789023599242, 0.17457431218879393, 0.3880570000581328], [0.08000000000000002, 0.32000000000000006, 1.0000000000000002, 0.12000000000000002, 0.5820855000871992, 0.06963106238227915, 0.20000000000000004, 0.10444659357341872, 0.22283440581246222, 0.1455213750217998, 0.2773500981126146, 0.06575959492214292, 0.0, 0.11428571428571428, 0.13093073414159545, 0.21821789023599242, 0.08000000000000002, 0.22283440581246222, 0.08728715609439697, 0.2910427500435996, 0.1455213750217998, 0.1392621247645583, 0.08000000000000002, 0.24000000000000005, 0.3880570000581328, 0.2773500981126146, 0.22188007849009167, 0.17457431218879393, 0.12000000000000002, 0.24253562503633297, 0.05547001962252292, 0.3055050463303894, 0.07427813527082075, 0.22188007849009167, 0.09863939238321438, 0.09701425001453319, 0.08000000000000002, 0.24370871833797697, 0.1392621247645583, 0.43656412506539943, 0.06963106238227915, 0.04000000000000001, 0.4800793585191833, 0.21821789023599242, 0.7855844048495726, 0.13093073414159545, 0.21821789023599242, 0.07427813527082075, 0.1455213750217998, 0.09701425001453319, 0.19402850002906638, 0.048507125007266595, 0.1392621247645583, 0.07427813527082075, 0.11094003924504584, 0.1324532357065044, 0.08000000000000002, 0.3600000000000001, 0.12000000000000002, 0.16641005886756877, 0.08728715609439697, 0.2910427500435996, 0.1485562705416415, 0.18569533817705186, 0.10444659357341872, 0.1455213750217998, 0.5428571428571428, 0.24253562503633297, 0.12000000000000002, 0.17457431218879393, 0.24253562503633297, 0.07427813527082075, 0.0, 0.09701425001453319, 0.21821789023599242, 0.09701425001453319, 0.1392621247645583, 0.3481553119113957, 0.24253562503633297, 0.13093073414159545, 0.21821789023599242, 0.19402850002906638], [0.04000000000000001, 0.20000000000000004, 0.12000000000000002, 1.0000000000000004, 0.19402850002906638, 0.10444659357341872, 0.16000000000000003, 0.1392621247645583, 0.1485562705416415, 0.19402850002906638, 0.16641005886756877, 0.3945575695328575, 0.16641005886756877, 0.11428571428571428, 0.3055050463303894, 0.17457431218879393, 0.20000000000000004, 0.1485562705416415, 0.13093073414159545, 0.1455213750217998, 0.09701425001453319, 0.1392621247645583, 0.20000000000000004, 0.08000000000000002, 0.3880570000581328, 0.3882901373576604, 0.2773500981126146, 0.17457431218879393, 0.32000000000000006, 0.3395498750508662, 0.11094003924504584, 0.5673665146135802, 0.44566881162492444, 0.2773500981126146, 0.36167777207178603, 0.048507125007266595, 0.3600000000000001, 0.1392621247645583, 0.1392621247645583, 0.19402850002906638, 0.10444659357341872, 0.32000000000000006, 0.08728715609439697, 0.21821789023599242, 0.08728715609439697, 0.3055050463303894, 0.08728715609439697, 0.1485562705416415, 0.19402850002906638, 0.24253562503633297, 0.09701425001453319, 0.1455213750217998, 0.24370871833797703, 0.1485562705416415, 0.2773500981126146, 0.05298129428260176, 0.12000000000000002, 0.08000000000000002, 0.44000000000000017, 0.05547001962252292, 0.39279220242478635, 0.2910427500435996, 0.1485562705416415, 0.3713906763541037, 0.4177863742936748, 0.3395498750508662, 0.11428571428571428, 0.09701425001453319, 0.08000000000000002, 0.2618614682831909, 0.048507125007266595, 0.11141720290623112, 0.17457431218879393, 0.1455213750217998, 0.21821789023599242, 0.048507125007266595, 0.10444659357341872, 0.1392621247645583, 0.24253562503633297, 0.17457431218879393, 0.08728715609439697, 0.24253562503633297], [0.09701425001453319, 0.19402850002906638, 0.5820855000871992, 0.19402850002906638, 1.0, 0.08444006618414981, 0.1455213750217998, 0.21110016546037452, 0.27022640946662696, 0.1764705882352941, 0.269069117598525, 0.15949044456578, 0.1345345587992625, 0.24253562503633294, 0.21170244960998527, 0.15877683720748895, 0.09701425001453319, 0.09007546982220899, 0.21170244960998527, 0.23529411764705882, 0.1764705882352941, 0.12666009927622474, 0.09701425001453319, 0.19402850002906638, 0.058823529411764705, 0.3363363969981562, 0.47087095579741867, 0.15877683720748895, 0.1455213750217998, 0.11764705882352941, 0.1345345587992625, 0.15877683720748895, 0.13511320473331348, 0.1345345587992625, 0.15949044456578, 0.1764705882352941, 0.19402850002906638, 0.21110016546037452, 0.12666009927622474, 0.1764705882352941, 0.16888013236829963, 0.09701425001453319, 0.47633051162246687, 0.10585122480499264, 0.5821817364274594, 0.10585122480499264, 0.05292561240249632, 0.18015093964441797, 0.1764705882352941, 0.11764705882352941, 0.23529411764705882, 0.23529411764705882, 0.08444006618414981, 0.04503773491110449, 0.1345345587992625, 0.09637388493048532, 0.09701425001453319, 0.48507125007266594, 0.24253562503633297, 0.269069117598525, 0.10585122480499264, 0.1764705882352941, 0.18015093964441797, 0.09007546982220899, 0.21110016546037452, 0.1764705882352941, 0.6583109822414752, 0.1764705882352941, 0.1455213750217998, 0.15877683720748895, 0.29411764705882354, 0.09007546982220899, 0.10585122480499264, 0.11764705882352941, 0.26462806201248157, 0.29411764705882354, 0.08444006618414981, 0.46442036401282394, 0.11764705882352941, 0.26462806201248157, 0.3175536744149779, 0.23529411764705882], [0.27852424952911653, 0.06963106238227915, 0.06963106238227915, 0.10444659357341872, 0.08444006618414981, 1.0, 0.10444659357341872, 0.09090909090909093, 0.4202303194929034, 0.2533201985524494, 0.09656090991705353, 0.1144727614064285, 0.24140227479263382, 0.07460470969529907, 0.4558423058385519, 0.26590801173915524, 0.31333978072025614, 0.1939524551505708, 0.1899342940993966, 0.12666009927622474, 0.2533201985524494, 0.060606060606060615, 0.1392621247645583, 0.24370871833797697, 0.2533201985524494, 0.0, 0.09656090991705353, 0.1899342940993966, 0.17407765595569785, 0.33776026473659926, 0.2896827297511606, 0.03798685881987932, 0.4202303194929034, 0.24140227479263382, 0.08585457105482137, 0.16888013236829963, 0.10444659357341872, 0.15151515151515155, 0.5151515151515152, 0.16888013236829963, 0.060606060606060615, 0.1392621247645583, 0.1899342940993966, 0.1519474352795173, 0.03798685881987932, 0.22792115291927592, 0.26590801173915524, 0.0969762275752854, 0.12666009927622474, 0.12666009927622474, 0.3799802978286741, 0.12666009927622474, 0.15151515151515155, 0.2586032735340944, 0.1448413648755803, 0.04611429759107165, 0.2088931871468374, 0.17407765595569785, 0.27852424952911653, 0.1448413648755803, 0.1519474352795173, 0.08444006618414981, 0.0, 0.1939524551505708, 0.09090909090909093, 0.2955402316445243, 0.02486823656509969, 0.04222003309207491, 0.06963106238227915, 0.11396057645963797, 0.33776026473659926, 0.0646508183835236, 0.1519474352795173, 0.2533201985524494, 0.1899342940993966, 0.08444006618414981, 0.24242424242424246, 0.15151515151515155, 0.16888013236829963, 0.26590801173915524, 0.4178554470186726, 0.08444006618414981], [0.16000000000000003, 0.12000000000000002, 0.20000000000000004, 0.16000000000000003, 0.1455213750217998, 0.10444659357341872, 1.0000000000000004, 0.38297084310253526, 0.18569533817705186, 0.09701425001453319, 0.49923017660270624, 0.09863939238321438, 0.22188007849009167, 0.08571428571428572, 0.17457431218879393, 0.08728715609439697, 0.08000000000000002, 0.25997347344787264, 0.6546536707079771, 0.2910427500435996, 0.09701425001453319, 0.24370871833797703, 0.3600000000000001, 0.20000000000000004, 0.24253562503633297, 0.22188007849009167, 0.16641005886756877, 0.34914862437758787, 0.08000000000000002, 0.09701425001453319, 0.11094003924504584, 0.17457431218879393, 0.18569533817705186, 0.16641005886756877, 0.06575959492214292, 0.048507125007266595, 0.12000000000000002, 0.3481553119113957, 0.24370871833797703, 0.09701425001453319, 0.17407765595569785, 0.16000000000000003, 0.08728715609439697, 0.17457431218879393, 0.08728715609439697, 0.13093073414159545, 0.21821789023599242, 0.18569533817705186, 0.2910427500435996, 0.1455213750217998, 0.3395498750508662, 0.09701425001453319, 0.38297084310253526, 0.11141720290623112, 0.16641005886756877, 0.05298129428260176, 0.28, 0.08000000000000002, 0.16000000000000003, 0.11094003924504584, 0.13093073414159545, 0.1455213750217998, 0.11141720290623112, 0.07427813527082075, 0.06963106238227915, 0.38805700005813276, 0.11428571428571428, 0.09701425001453319, 0.16000000000000003, 0.5673665146135802, 0.19402850002906638, 0.22283440581246222, 0.13093073414159545, 0.1455213750217998, 0.34914862437758787, 0.3395498750508662, 0.17407765595569785, 0.17407765595569785, 0.19402850002906638, 0.08728715609439697, 0.08728715609439697, 0.1455213750217998], [0.06963106238227915, 0.17407765595569785, 0.10444659357341872, 0.1392621247645583, 0.21110016546037452, 0.09090909090909093, 0.38297084310253526, 0.9999999999999999, 0.1293016367670472, 0.16888013236829963, 0.1448413648755803, 0.3720364745708926, 0.19312181983410706, 0.6217059141274924, 0.1899342940993966, 0.1899342940993966, 0.1392621247645583, 0.0969762275752854, 0.5318160234783106, 0.12666009927622474, 0.16888013236829963, 0.15151515151515155, 0.24370871833797697, 0.2088931871468374, 0.08444006618414981, 0.1448413648755803, 0.24140227479263382, 0.07597371763975865, 0.1392621247645583, 0.12666009927622474, 0.2896827297511606, 0.07597371763975865, 0.2586032735340944, 0.1448413648755803, 0.14309095175803563, 0.29554023164452436, 0.10444659357341872, 0.36363636363636376, 0.27272727272727276, 0.16888013236829963, 0.18181818181818185, 0.06963106238227915, 0.22792115291927592, 0.1519474352795173, 0.11396057645963797, 0.11396057645963797, 0.0, 0.4202303194929034, 0.12666009927622474, 0.12666009927622474, 0.12666009927622474, 0.33776026473659926, 0.09090909090909093, 0.2909286827258562, 0.1448413648755803, 0.23057148795535826, 0.24370871833797697, 0.06963106238227915, 0.1392621247645583, 0.09656090991705353, 0.03798685881987932, 0.12666009927622474, 0.0969762275752854, 0.0646508183835236, 0.21212121212121215, 0.16888013236829963, 0.07460470969529907, 0.08444006618414981, 0.3481553119113957, 0.45584230583855195, 0.12666009927622474, 0.2262778643423326, 0.1519474352795173, 0.16888013236829963, 0.1899342940993966, 0.16888013236829963, 0.27272727272727276, 0.15151515151515155, 0.12666009927622474, 0.26590801173915524, 0.1519474352795173, 0.422200330920749], [0.3713906763541037, 0.22283440581246222, 0.22283440581246222, 0.1485562705416415, 0.27022640946662696, 0.4202303194929034, 0.18569533817705186, 0.1293016367670472, 0.9999999999999997, 0.450377349111045, 0.2575131013123024, 0.09158437663089952, 0.051502620262460476, 0.13263952726932277, 0.12156613477096617, 0.16208817969462155, 0.33425160871869336, 0.06896551724137931, 0.12156613477096617, 0.22518867455552247, 0.09007546982220899, 0.0969762275752854, 0.11141720290623112, 0.18569533817705186, 0.09007546982220899, 0.2575131013123024, 0.2575131013123024, 0.20261022461827694, 0.18569533817705186, 0.18015093964441797, 0.051502620262460476, 0.16208817969462155, 0.06896551724137931, 0.15450786078738143, 0.09158437663089952, 0.13511320473331348, 0.1485562705416415, 0.0969762275752854, 0.4525557286846652, 0.18015093964441797, 0.0969762275752854, 0.11141720290623112, 0.08104408984731078, 0.16208817969462155, 0.16208817969462155, 0.08104408984731078, 0.08104408984731078, 0.10344827586206896, 0.18015093964441797, 0.13511320473331348, 0.13511320473331348, 0.09007546982220899, 0.0969762275752854, 0.034482758620689655, 0.15450786078738143, 0.09838379358865637, 0.11141720290623112, 0.0, 0.1485562705416415, 0.10300524052492095, 0.04052204492365539, 0.13511320473331348, 0.4482758620689656, 0.3103448275862069, 0.1293016367670472, 0.22518867455552247, 0.1061116218154582, 0.18015093964441797, 0.44566881162492444, 0.16208817969462155, 0.13511320473331348, 0.10344827586206896, 0.04052204492365539, 0.40533961419994047, 0.24313226954193232, 0.13511320473331348, 0.3555795011093798, 0.3555795011093798, 0.13511320473331348, 0.16208817969462155, 0.16208817969462155, 0.27022640946662696], [0.5335783750799326, 0.19402850002906638, 0.1455213750217998, 0.19402850002906638, 0.1764705882352941, 0.2533201985524494, 0.09701425001453319, 0.16888013236829963, 0.450377349111045, 1.0, 0.06726727939963124, 0.11961783342433499, 0.269069117598525, 0.1385917857350474, 0.15877683720748895, 0.21170244960998527, 0.5820855000871992, 0.22518867455552247, 0.15877683720748895, 0.11764705882352941, 0.29411764705882354, 0.12666009927622474, 0.19402850002906638, 0.09701425001453319, 0.29411764705882354, 0.06726727939963124, 0.20180183819889375, 0.10585122480499264, 0.09701425001453319, 0.23529411764705882, 0.3363363969981562, 0.10585122480499264, 0.27022640946662696, 0.40360367639778744, 0.11961783342433499, 0.1764705882352941, 0.048507125007266595, 0.16888013236829963, 0.2533201985524494, 0.23529411764705882, 0.12666009927622474, 0.1455213750217998, 0.15877683720748895, 0.26462806201248157, 0.10585122480499264, 0.26462806201248157, 0.10585122480499264, 0.22518867455552247, 0.11764705882352941, 0.23529411764705882, 0.23529411764705882, 0.11764705882352941, 0.21110016546037452, 0.18015093964441797, 0.20180183819889375, 0.06424925662032355, 0.048507125007266595, 0.24253562503633297, 0.1455213750217998, 0.1345345587992625, 0.15877683720748895, 0.1764705882352941, 0.40533961419994047, 0.5854905538443586, 0.21110016546037452, 0.29411764705882354, 0.0692958928675237, 0.11764705882352941, 0.4365641250653994, 0.26462806201248157, 0.1764705882352941, 0.04503773491110449, 0.15877683720748895, 0.823529411764706, 0.10585122480499264, 0.058823529411764705, 0.5066403971048988, 0.5066403971048988, 0.29411764705882354, 0.21170244960998527, 0.26462806201248157, 0.23529411764705882], [0.11094003924504584, 0.22188007849009167, 0.2773500981126146, 0.16641005886756877, 0.269069117598525, 0.09656090991705353, 0.49923017660270624, 0.1448413648755803, 0.2575131013123024, 0.06726727939963124, 1.0, 0.2279803762937766, 0.15384615384615385, 0.15848577035006547, 0.24209101306752098, 0.18156825980064073, 0.11094003924504584, 0.10300524052492095, 0.24209101306752098, 0.3363363969981562, 0.20180183819889375, 0.2896827297511606, 0.2773500981126146, 0.2773500981126146, 0.20180183819889375, 0.3076923076923077, 0.3076923076923077, 0.48418202613504197, 0.16641005886756877, 0.1345345587992625, 0.07692307692307693, 0.24209101306752098, 0.15450786078738143, 0.23076923076923078, 0.09119215051751065, 0.1345345587992625, 0.22188007849009167, 0.1448413648755803, 0.24140227479263382, 0.269069117598525, 0.33796318470968734, 0.16641005886756877, 0.18156825980064073, 0.12104550653376049, 0.24209101306752098, 0.18156825980064073, 0.24209101306752098, 0.30901572157476287, 0.3363363969981562, 0.1345345587992625, 0.269069117598525, 0.20180183819889375, 0.19312181983410706, 0.10300524052492095, 0.23076923076923078, 0.14694367167412903, 0.49923017660270624, 0.11094003924504584, 0.2773500981126146, 0.23076923076923078, 0.18156825980064073, 0.1345345587992625, 0.2575131013123024, 0.051502620262460476, 0.1448413648755803, 0.4708709557974187, 0.1188643277625491, 0.269069117598525, 0.2773500981126146, 0.18156825980064073, 0.269069117598525, 0.2060104810498419, 0.12104550653376049, 0.1345345587992625, 0.36313651960128146, 0.269069117598525, 0.24140227479263382, 0.1448413648755803, 0.1345345587992625, 0.18156825980064073, 0.24209101306752098, 0.269069117598525], [0.19727878476642874, 0.13151918984428584, 0.06575959492214292, 0.3945575695328575, 0.15949044456578, 0.1144727614064285, 0.09863939238321438, 0.3720364745708926, 0.09158437663089952, 0.11961783342433499, 0.2279803762937766, 0.9999999999999998, 0.3647686020700425, 0.4931969619160719, 0.5022472023339226, 0.10762440050012628, 0.13151918984428584, 0.2747531298926986, 0.2152488010002526, 0.11961783342433499, 0.23923566684866998, 0.0, 0.1643989873053573, 0.09863939238321438, 0.11961783342433499, 0.09119215051751065, 0.2279803762937766, 0.03587480016670876, 0.36167777207178603, 0.39872611141445, 0.13678822577626598, 0.10762440050012628, 0.1526406277181659, 0.13678822577626598, 0.10810810810810811, 0.15949044456578, 0.26303837968857163, 0.14309095175803563, 0.08585457105482137, 0.358853500273005, 0.1144727614064285, 0.36167777207178603, 0.10762440050012628, 0.07174960033341753, 0.03587480016670876, 0.4304976020005051, 0.03587480016670876, 0.36633750652359803, 0.11961783342433499, 0.23923566684866998, 0.23923566684866998, 0.19936305570722498, 0.1144727614064285, 0.4273937576108644, 0.13678822577626598, 0.21775177815467112, 0.1643989873053573, 0.13151918984428584, 0.19727878476642874, 0.3191725268112872, 0.10762440050012628, 0.07974522228289, 0.1221125021745327, 0.09158437663089952, 0.14309095175803563, 0.15949044456578, 0.02348556961505104, 0.07974522228289, 0.36167777207178603, 0.10762440050012628, 0.15949044456578, 0.18316875326179907, 0.17937400083354382, 0.15949044456578, 0.17937400083354382, 0.15949044456578, 0.3148000938676784, 0.14309095175803563, 0.07974522228289, 0.17937400083354382, 0.14349920066683505, 0.31898088913156], [0.4992301766027062, 0.11094003924504584, 0.0, 0.16641005886756877, 0.1345345587992625, 0.24140227479263382, 0.22188007849009167, 0.19312181983410706, 0.051502620262460476, 0.269069117598525, 0.15384615384615385, 0.3647686020700425, 0.9999999999999998, 0.1188643277625491, 0.24209101306752098, 0.060522753266880246, 0.3328201177351375, 0.41202096209968386, 0.24209101306752098, 0.1345345587992625, 0.269069117598525, 0.09656090991705353, 0.22188007849009167, 0.05547001962252292, 0.20180183819889375, 0.15384615384615385, 0.15384615384615385, 0.18156825980064073, 0.16641005886756877, 0.20180183819889375, 0.46153846153846156, 0.18156825980064073, 0.2575131013123024, 0.15384615384615385, 0.1823843010350213, 0.269069117598525, 0.4437601569801833, 0.1448413648755803, 0.1448413648755803, 0.3363363969981562, 0.19312181983410706, 0.3328201177351375, 0.24209101306752098, 0.12104550653376049, 0.060522753266880246, 0.24209101306752098, 0.18156825980064073, 0.2575131013123024, 0.269069117598525, 0.6054055145966812, 0.20180183819889375, 0.3363363969981562, 0.1448413648755803, 0.46352358236214436, 0.3076923076923077, 0.03673591791853226, 0.22188007849009167, 0.2773500981126146, 0.22188007849009167, 0.6153846153846154, 0.24209101306752098, 0.269069117598525, 0.10300524052492095, 0.36051834183722337, 0.1448413648755803, 0.20180183819889375, 0.1188643277625491, 0.06726727939963124, 0.2773500981126146, 0.18156825980064073, 0.1345345587992625, 0.46352358236214436, 0.36313651960128146, 0.3363363969981562, 0.060522753266880246, 0.269069117598525, 0.09656090991705353, 0.24140227479263382, 0.1345345587992625, 0.18156825980064073, 0.060522753266880246, 0.40360367639778744], [0.05714285714285714, 0.11428571428571428, 0.11428571428571428, 0.11428571428571428, 0.24253562503633294, 0.07460470969529907, 0.08571428571428572, 0.6217059141274924, 0.13263952726932277, 0.1385917857350474, 0.15848577035006547, 0.4931969619160719, 0.1188643277625491, 1.0, 0.12469593727770993, 0.09352195295828244, 0.08571428571428572, 0.07958371636159366, 0.12469593727770993, 0.10394383930128556, 0.1385917857350474, 0.14920941939059815, 0.17142857142857143, 0.2, 0.03464794643376185, 0.19810721293758185, 0.2773500981126146, 0.09352195295828244, 0.08571428571428572, 0.10394383930128556, 0.07924288517503274, 0.12469593727770993, 0.18569533817705186, 0.07924288517503274, 0.09394227846020416, 0.0692958928675237, 0.11428571428571428, 0.17407765595569785, 0.17407765595569785, 0.10394383930128556, 0.19894589252079753, 0.05714285714285714, 0.1870439059165649, 0.062347968638854966, 0.09352195295828244, 0.062347968638854966, 0.031173984319427483, 0.5570860145311556, 0.10394383930128556, 0.10394383930128556, 0.2078876786025711, 0.38112741077138035, 0.07460470969529907, 0.4244464872618328, 0.07924288517503274, 0.35951592548908323, 0.05714285714285714, 0.05714285714285714, 0.2, 0.1188643277625491, 0.062347968638854966, 0.0692958928675237, 0.13263952726932277, 0.0530558109077291, 0.12434118282549846, 0.1385917857350474, 0.061224489795918366, 0.10394383930128556, 0.5714285714285714, 0.09352195295828244, 0.17323973216880925, 0.0530558109077291, 0.09352195295828244, 0.0692958928675237, 0.1870439059165649, 0.17323973216880925, 0.4476282581717944, 0.07460470969529907, 0.0692958928675237, 0.15586992159713742, 0.3117398431942748, 0.2771835714700948], [0.2618614682831909, 0.17457431218879393, 0.13093073414159545, 0.3055050463303894, 0.21170244960998527, 0.4558423058385519, 0.17457431218879393, 0.1899342940993966, 0.12156613477096617, 0.15877683720748895, 0.24209101306752098, 0.5022472023339226, 0.24209101306752098, 0.12469593727770993, 1.0000000000000004, 0.1904761904761905, 0.17457431218879393, 0.16208817969462155, 0.28571428571428575, 0.15877683720748895, 0.3175536744149779, 0.0, 0.17457431218879393, 0.34914862437758787, 0.21170244960998527, 0.18156825980064073, 0.24209101306752098, 0.2380952380952381, 0.4800793585191833, 0.3175536744149779, 0.18156825980064073, 0.04761904761904762, 0.4052204492365539, 0.12104550653376049, 0.17937400083354382, 0.21170244960998527, 0.17457431218879393, 0.1899342940993966, 0.1899342940993966, 0.15877683720748895, 0.1519474352795173, 0.34914862437758787, 0.14285714285714288, 0.14285714285714288, 0.04761904761904762, 0.380952380952381, 0.28571428571428575, 0.16208817969462155, 0.21170244960998527, 0.15877683720748895, 0.42340489921997054, 0.3704792868174742, 0.1519474352795173, 0.24313226954193232, 0.12104550653376049, 0.028903665650804003, 0.43643578047198484, 0.13093073414159545, 0.39279220242478635, 0.24209101306752098, 0.09523809523809525, 0.10585122480499264, 0.08104408984731078, 0.12156613477096617, 0.1899342940993966, 0.3704792868174742, 0.031173984319427483, 0.05292561240249632, 0.13093073414159545, 0.1904761904761905, 0.3175536744149779, 0.08104408984731078, 0.1904761904761905, 0.21170244960998527, 0.33333333333333337, 0.21170244960998527, 0.22792115291927592, 0.22792115291927592, 0.15877683720748895, 0.4285714285714286, 0.33333333333333337, 0.21170244960998527], [0.043643578047198484, 0.21821789023599242, 0.21821789023599242, 0.17457431218879393, 0.15877683720748895, 0.26590801173915524, 0.08728715609439697, 0.1899342940993966, 0.16208817969462155, 0.21170244960998527, 0.18156825980064073, 0.10762440050012628, 0.060522753266880246, 0.09352195295828244, 0.1904761904761905, 1.0000000000000002, 0.3055050463303894, 0.12156613477096617, 0.2380952380952381, 0.21170244960998527, 0.26462806201248157, 0.1519474352795173, 0.13093073414159545, 0.5237229365663818, 0.21170244960998527, 0.18156825980064073, 0.18156825980064073, 0.09523809523809525, 0.17457431218879393, 0.47633051162246687, 0.18156825980064073, 0.09523809523809525, 0.24313226954193232, 0.30261376633440124, 0.10762440050012628, 0.15877683720748895, 0.043643578047198484, 0.1519474352795173, 0.1899342940993966, 0.3175536744149779, 0.1519474352795173, 0.08728715609439697, 0.1904761904761905, 0.33333333333333337, 0.2380952380952381, 0.523809523809524, 0.09523809523809525, 0.12156613477096617, 0.21170244960998527, 0.21170244960998527, 0.15877683720748895, 0.15877683720748895, 0.1899342940993966, 0.12156613477096617, 0.18156825980064073, 0.346843987809648, 0.17457431218879393, 0.43643578047198484, 0.08728715609439697, 0.18156825980064073, 0.09523809523809525, 0.15877683720748895, 0.12156613477096617, 0.08104408984731078, 0.1899342940993966, 0.21170244960998527, 0.09352195295828244, 0.21170244960998527, 0.08728715609439697, 0.1904761904761905, 0.42340489921997054, 0.4457424941602093, 0.14285714285714288, 0.21170244960998527, 0.1904761904761905, 0.10585122480499264, 0.11396057645963797, 0.1519474352795173, 0.26462806201248157, 0.2380952380952381, 0.380952380952381, 0.26462806201248157], [0.5200000000000002, 0.08000000000000002, 0.08000000000000002, 0.20000000000000004, 0.09701425001453319, 0.31333978072025614, 0.08000000000000002, 0.1392621247645583, 0.33425160871869336, 0.5820855000871992, 0.11094003924504584, 0.13151918984428584, 0.3328201177351375, 0.08571428571428572, 0.17457431218879393, 0.3055050463303894, 1.0000000000000004, 0.1485562705416415, 0.17457431218879393, 0.19402850002906638, 0.2910427500435996, 0.06963106238227915, 0.08000000000000002, 0.12000000000000002, 0.3395498750508662, 0.3328201177351375, 0.11094003924504584, 0.043643578047198484, 0.12000000000000002, 0.43656412506539943, 0.3328201177351375, 0.043643578047198484, 0.25997347344787264, 0.11094003924504584, 0.13151918984428584, 0.2910427500435996, 0.16000000000000003, 0.17407765595569785, 0.10444659357341872, 0.1455213750217998, 0.1392621247645583, 0.16000000000000003, 0.2618614682831909, 0.08728715609439697, 0.13093073414159545, 0.17457431218879393, 0.17457431218879393, 0.18569533817705186, 0.048507125007266595, 0.1455213750217998, 0.24253562503633297, 0.24253562503633297, 0.31333978072025614, 0.1485562705416415, 0.11094003924504584, 0.07947194142390264, 0.16000000000000003, 0.20000000000000004, 0.20000000000000004, 0.2773500981126146, 0.17457431218879393, 0.09701425001453319, 0.3713906763541037, 0.5199469468957452, 0.10444659357341872, 0.048507125007266595, 0.02857142857142857, 0.1455213750217998, 0.4800000000000002, 0.043643578047198484, 0.3880570000581328, 0.11141720290623112, 0.17457431218879393, 0.5820855000871992, 0.043643578047198484, 0.19402850002906638, 0.3481553119113957, 0.38297084310253526, 0.09701425001453319, 0.13093073414159545, 0.3055050463303894, 0.09701425001453319], [0.3342516087186933, 0.44566881162492444, 0.22283440581246222, 0.1485562705416415, 0.09007546982220899, 0.1939524551505708, 0.25997347344787264, 0.0969762275752854, 0.06896551724137931, 0.22518867455552247, 0.10300524052492095, 0.2747531298926986, 0.41202096209968386, 0.07958371636159366, 0.16208817969462155, 0.12156613477096617, 0.1485562705416415, 0.9999999999999998, 0.32417635938924316, 0.13511320473331348, 0.5854905538443586, 0.0646508183835236, 0.594225082166566, 0.11141720290623112, 0.22518867455552247, 0.0, 0.15450786078738143, 0.08104408984731078, 0.3713906763541037, 0.09007546982220899, 0.2575131013123024, 0.12156613477096617, 0.1724137931034483, 0.2060104810498419, 0.06105625108726635, 0.27022640946662696, 0.2599734734478726, 0.2909286827258562, 0.161627045958809, 0.3152641443777314, 0.0646508183835236, 0.4085297439895141, 0.12156613477096617, 0.4862645390838647, 0.04052204492365539, 0.2836543144655877, 0.12156613477096617, 0.3448275862068966, 0.13511320473331348, 0.27022640946662696, 0.40533961419994047, 0.13511320473331348, 0.3879049103011416, 0.2758620689655173, 0.10300524052492095, 0.024595948397164093, 0.07427813527082075, 0.18569533817705186, 0.1485562705416415, 0.36051834183722337, 0.16208817969462155, 0.09007546982220899, 0.034482758620689655, 0.31034482758620696, 0.3555795011093798, 0.22518867455552247, 0.02652790545386455, 0.09007546982220899, 0.037139067635410375, 0.12156613477096617, 0.18015093964441797, 0.20689655172413796, 0.20261022461827694, 0.27022640946662696, 0.24313226954193232, 0.27022640946662696, 0.1293016367670472, 0.161627045958809, 0.18015093964441797, 0.12156613477096617, 0.12156613477096617, 0.3152641443777314], [0.08728715609439697, 0.17457431218879393, 0.08728715609439697, 0.13093073414159545, 0.21170244960998527, 0.1899342940993966, 0.6546536707079771, 0.5318160234783106, 0.12156613477096617, 0.15877683720748895, 0.24209101306752098, 0.2152488010002526, 0.24209101306752098, 0.12469593727770993, 0.28571428571428575, 0.2380952380952381, 0.17457431218879393, 0.32417635938924316, 1.0000000000000004, 0.15877683720748895, 0.26462806201248157, 0.03798685881987932, 0.34914862437758787, 0.13093073414159545, 0.15877683720748895, 0.12104550653376049, 0.24209101306752098, 0.04761904761904762, 0.13093073414159545, 0.15877683720748895, 0.24209101306752098, 0.04761904761904762, 0.20261022461827694, 0.18156825980064073, 0.14349920066683505, 0.21170244960998527, 0.21821789023599242, 0.4938291646584313, 0.11396057645963797, 0.21170244960998527, 0.1899342940993966, 0.13093073414159545, 0.1904761904761905, 0.14285714285714288, 0.09523809523809525, 0.1904761904761905, 0.04761904761904762, 0.16208817969462155, 0.21170244960998527, 0.10585122480499264, 0.42340489921997054, 0.26462806201248157, 0.4558423058385519, 0.08104408984731078, 0.12104550653376049, 0.028903665650804003, 0.17457431218879393, 0.13093073414159545, 0.21821789023599242, 0.18156825980064073, 0.14285714285714288, 0.10585122480499264, 0.08104408984731078, 0.12156613477096617, 0.22792115291927592, 0.15877683720748895, 0.062347968638854966, 0.05292561240249632, 0.13093073414159545, 0.5238095238095238, 0.21170244960998527, 0.16208817969462155, 0.28571428571428575, 0.26462806201248157, 0.33333333333333337, 0.47633051162246687, 0.07597371763975865, 0.22792115291927592, 0.10585122480499264, 0.28571428571428575, 0.14285714285714288, 0.21170244960998527], [0.19402850002906638, 0.1455213750217998, 0.2910427500435996, 0.1455213750217998, 0.23529411764705882, 0.12666009927622474, 0.2910427500435996, 0.12666009927622474, 0.22518867455552247, 0.11764705882352941, 0.3363363969981562, 0.11961783342433499, 0.1345345587992625, 0.10394383930128556, 0.15877683720748895, 0.21170244960998527, 0.19402850002906638, 0.13511320473331348, 0.15877683720748895, 1.0, 0.23529411764705882, 0.16888013236829963, 0.1455213750217998, 0.2910427500435996, 0.23529411764705882, 0.20180183819889375, 0.269069117598525, 0.10585122480499264, 0.09701425001453319, 0.23529411764705882, 0.1345345587992625, 0.10585122480499264, 0.09007546982220899, 0.20180183819889375, 0.039872611141445, 0.1764705882352941, 0.1455213750217998, 0.21110016546037452, 0.08444006618414981, 0.23529411764705882, 0.04222003309207491, 0.09701425001453319, 0.21170244960998527, 0.21170244960998527, 0.21170244960998527, 0.15877683720748895, 0.21170244960998527, 0.04503773491110449, 0.23529411764705882, 0.058823529411764705, 0.29411764705882354, 0.1764705882352941, 0.21110016546037452, 0.18015093964441797, 0.06726727939963124, 0.6424925662032355, 0.1455213750217998, 0.09701425001453319, 0.19402850002906638, 0.3363363969981562, 0.15877683720748895, 0.11764705882352941, 0.13511320473331348, 0.09007546982220899, 0.08444006618414981, 0.11764705882352941, 0.0692958928675237, 0.23529411764705882, 0.19402850002906638, 0.10585122480499264, 0.29411764705882354, 0.18015093964441797, 0.05292561240249632, 0.1764705882352941, 0.21170244960998527, 0.1764705882352941, 0.21110016546037452, 0.12666009927622474, 0.1764705882352941, 0.10585122480499264, 0.21170244960998527, 0.1764705882352941], [0.1455213750217998, 0.5335783750799326, 0.1455213750217998, 0.09701425001453319, 0.1764705882352941, 0.2533201985524494, 0.09701425001453319, 0.16888013236829963, 0.09007546982220899, 0.29411764705882354, 0.20180183819889375, 0.23923566684866998, 0.269069117598525, 0.1385917857350474, 0.3175536744149779, 0.26462806201248157, 0.2910427500435996, 0.5854905538443586, 0.26462806201248157, 0.23529411764705882, 1.0, 0.04222003309207491, 0.5335783750799326, 0.19402850002906638, 0.23529411764705882, 0.06726727939963124, 0.20180183819889375, 0.0, 0.48507125007266594, 0.23529411764705882, 0.3363363969981562, 0.0, 0.18015093964441797, 0.20180183819889375, 0.11961783342433499, 0.29411764705882354, 0.1455213750217998, 0.2533201985524494, 0.21110016546037452, 0.29411764705882354, 0.12666009927622474, 0.5335783750799326, 0.26462806201248157, 0.6351073488299557, 0.10585122480499264, 0.26462806201248157, 0.10585122480499264, 0.540452818933254, 0.1764705882352941, 0.1764705882352941, 0.411764705882353, 0.29411764705882354, 0.2533201985524494, 0.13511320473331348, 0.06726727939963124, 0.06424925662032355, 0.19402850002906638, 0.19402850002906638, 0.24253562503633297, 0.3363363969981562, 0.15877683720748895, 0.058823529411764705, 0.04503773491110449, 0.22518867455552247, 0.5066403971048988, 0.11764705882352941, 0.0, 0.11764705882352941, 0.1455213750217998, 0.10585122480499264, 0.35294117647058826, 0.04503773491110449, 0.15877683720748895, 0.29411764705882354, 0.10585122480499264, 0.1764705882352941, 0.12666009927622474, 0.21110016546037452, 0.1764705882352941, 0.21170244960998527, 0.21170244960998527, 0.1764705882352941], [0.1392621247645583, 0.06963106238227915, 0.1392621247645583, 0.1392621247645583, 0.12666009927622474, 0.060606060606060615, 0.24370871833797703, 0.15151515151515155, 0.0969762275752854, 0.12666009927622474, 0.2896827297511606, 0.0, 0.09656090991705353, 0.14920941939059815, 0.0, 0.1519474352795173, 0.06963106238227915, 0.0646508183835236, 0.03798685881987932, 0.16888013236829963, 0.04222003309207491, 1.0000000000000002, 0.2088931871468374, 0.24370871833797697, 0.12666009927622474, 0.19312181983410706, 0.1448413648755803, 0.6457765999379486, 0.10444659357341872, 0.16888013236829963, 0.19312181983410706, 0.1899342940993966, 0.161627045958809, 0.19312181983410706, 0.28618190351607126, 0.08444006618414981, 0.06963106238227915, 0.060606060606060615, 0.3333333333333334, 0.12666009927622474, 0.21212121212121215, 0.10444659357341872, 0.26590801173915524, 0.1519474352795173, 0.1899342940993966, 0.07597371763975865, 0.1899342940993966, 0.1939524551505708, 0.464420364012824, 0.16888013236829963, 0.08444006618414981, 0.2533201985524494, 0.060606060606060615, 0.161627045958809, 0.19312181983410706, 0.13834289277321496, 0.20889318714683744, 0.10444659357341872, 0.03481553119113957, 0.19312181983410706, 0.22792115291927592, 0.2533201985524494, 0.1293016367670472, 0.0969762275752854, 0.27272727272727276, 0.29554023164452436, 0.14920941939059815, 0.2533201985524494, 0.1392621247645583, 0.1519474352795173, 0.08444006618414981, 0.4202303194929034, 0.11396057645963797, 0.08444006618414981, 0.11396057645963797, 0.12666009927622474, 0.12121212121212123, 0.030303030303030307, 0.21110016546037452, 0.03798685881987932, 0.11396057645963797, 0.2533201985524494], [0.08000000000000002, 0.5200000000000001, 0.08000000000000002, 0.20000000000000004, 0.09701425001453319, 0.1392621247645583, 0.3600000000000001, 0.24370871833797697, 0.11141720290623112, 0.19402850002906638, 0.2773500981126146, 0.1643989873053573, 0.22188007849009167, 0.17142857142857143, 0.17457431218879393, 0.13093073414159545, 0.08000000000000002, 0.594225082166566, 0.34914862437758787, 0.1455213750217998, 0.5335783750799326, 0.2088931871468374, 1.0000000000000002, 0.32000000000000006, 0.2910427500435996, 0.11094003924504584, 0.11094003924504584, 0.13093073414159545, 0.44000000000000017, 0.09701425001453319, 0.16641005886756877, 0.17457431218879393, 0.3713906763541037, 0.2773500981126146, 0.06575959492214292, 0.09701425001453319, 0.08000000000000002, 0.10444659357341872, 0.24370871833797697, 0.19402850002906638, 0.06963106238227915, 0.5200000000000002, 0.34914862437758787, 0.5237229365663818, 0.043643578047198484, 0.17457431218879393, 0.13093073414159545, 0.4085297439895141, 0.24253562503633297, 0.19402850002906638, 0.2910427500435996, 0.3395498750508662, 0.45260190548481444, 0.18569533817705186, 0.2773500981126146, 0.05298129428260176, 0.20000000000000004, 0.20000000000000004, 0.12000000000000002, 0.05547001962252292, 0.13093073414159545, 0.19402850002906638, 0.11141720290623112, 0.11141720290623112, 0.4177863742936748, 0.24253562503633297, 0.11428571428571428, 0.09701425001453319, 0.12000000000000002, 0.21821789023599242, 0.09701425001453319, 0.1485562705416415, 0.17457431218879393, 0.24253562503633297, 0.34914862437758787, 0.2910427500435996, 0.2088931871468374, 0.17407765595569785, 0.24253562503633297, 0.13093073414159545, 0.13093073414159545, 0.43656412506539943], [0.28, 0.12000000000000002, 0.24000000000000005, 0.08000000000000002, 0.19402850002906638, 0.24370871833797697, 0.20000000000000004, 0.2088931871468374, 0.18569533817705186, 0.09701425001453319, 0.2773500981126146, 0.09863939238321438, 0.05547001962252292, 0.2, 0.34914862437758787, 0.5237229365663818, 0.12000000000000002, 0.11141720290623112, 0.13093073414159545, 0.2910427500435996, 0.19402850002906638, 0.24370871833797697, 0.32000000000000006, 1.0000000000000004, 0.24253562503633297, 0.22188007849009167, 0.16641005886756877, 0.08728715609439697, 0.24000000000000005, 0.1455213750217998, 0.16641005886756877, 0.08728715609439697, 0.4085297439895141, 0.16641005886756877, 0.06575959492214292, 0.19402850002906638, 0.12000000000000002, 0.17407765595569785, 0.24370871833797697, 0.19402850002906638, 0.03481553119113957, 0.12000000000000002, 0.39279220242478635, 0.13093073414159545, 0.17457431218879393, 0.4800793585191833, 0.21821789023599242, 0.037139067635410375, 0.19402850002906638, 0.048507125007266595, 0.24253562503633297, 0.2910427500435996, 0.17407765595569785, 0.2599734734478726, 0.05547001962252292, 0.3178877656956106, 0.28, 0.40000000000000013, 0.32000000000000006, 0.22188007849009167, 0.13093073414159545, 0.048507125007266595, 0.11141720290623112, 0.11141720290623112, 0.06963106238227915, 0.09701425001453319, 0.08571428571428572, 0.19402850002906638, 0.16000000000000003, 0.1