{"matrix": [[1.0000000000000002, 0.33333333333333337, 0.18156825980064073, 0.03798685881987932, 0.10585122480499264, 0.21170244960998527, 0.10585122480499264, 0.11396057645963797, 0.05292561240249632, 0.3646984043128985, 0.2618614682831909, 0.36313651960128146, 0.11396057645963797, 0.14285714285714288, 0.28571428571428575, 0.5673665146135802, 0.043643578047198484, 0.09523809523809525, 0.15877683720748895, 0.13093073414159545, 0.30261376633440124, 0.18156825980064073, 0.08992359739952711, 0.21170244960998527, 0.08728715609439697, 0.4052204492365539, 0.4800793585191833, 0.1904761904761905, 0.08119979429411503, 0.18156825980064073, 0.14349920066683505, 0.2380952380952381, 0.24209101306752098, 0.10585122480499264, 0.04052204492365539, 0.30261376633440124, 0.26462806201248157, 0.14285714285714288, 0.043643578047198484, 0.21170244960998527, 0.17937400083354382, 0.12156613477096617, 0.17457431218879393, 0.380952380952381, 0.16208817969462155, 0.24209101306752098, 0.21821789023599242, 0.30261376633440124, 0.17457431218879393, 0.4178554470186726, 0.10585122480499264, 0.1904761904761905, 0.24209101306752098, 0.1519474352795173, 0.043643578047198484, 0.3055050463303894, 0.08104408984731078, 0.20261022461827694, 0.13093073414159545, 0.13093073414159545, 0.1519474352795173, 0.36313651960128146, 0.08992359739952711, 0.17937400083354382, 0.14285714285714288, 0.1904761904761905, 0.1519474352795173, 0.12104550653376049, 0.07597371763975865, 0.14285714285714288, 0.1904761904761905, 0.16208817969462155, 0.17457431218879393, 0.21170244960998527, 0.1519474352795173, 0.3704792868174742, 0.30261376633440124, 0.11396057645963797, 0.12104550653376049, 0.04761904761904762, 0.4800793585191833, 0.1904761904761905, 0.09352195295828244, 0.3241763593892431, 0.043643578047198484, 0.04761904761904762, 0.18156825980064073, 0.12156613477096617, 0.20261022461827694, 0.16265001215808889, 0.14285714285714288, 0.10762440050012628, 0.3055050463303894, 0.16208817969462155, 0.03798685881987932, 0.30261376633440124], [0.33333333333333337, 1.0000000000000004, 0.18156825980064073, 0.1519474352795173, 0.26462806201248157, 0.21170244960998527, 0.10585122480499264, 0.07597371763975865, 0.3175536744149779, 0.08104408984731078, 0.17457431218879393, 0.36313651960128146, 0.07597371763975865, 0.09523809523809525, 0.5714285714285715, 0.17457431218879393, 0.5237229365663818, 0.2380952380952381, 0.21170244960998527, 0.13093073414159545, 0.12104550653376049, 0.24209101306752098, 0.059949064933018076, 0.21170244960998527, 0.21821789023599242, 0.3241763593892431, 0.17457431218879393, 0.14285714285714288, 0.10826639239215337, 0.12104550653376049, 0.10762440050012628, 0.04761904761904762, 0.30261376633440124, 0.15877683720748895, 0.12156613477096617, 0.4841820261350419, 0.10585122480499264, 0.1904761904761905, 0.21821789023599242, 0.21170244960998527, 0.14349920066683505, 0.16208817969462155, 0.21821789023599242, 0.33333333333333337, 0.12156613477096617, 0.12104550653376049, 0.043643578047198484, 0.36313651960128146, 0.21821789023599242, 0.07597371763975865, 0.47633051162246687, 0.14285714285714288, 0.060522753266880246, 0.1899342940993966, 0.08728715609439697, 0.13093073414159545, 0.16208817969462155, 0.12156613477096617, 0.08728715609439697, 0.2618614682831909, 0.07597371763975865, 0.4236592728681617, 0.11989812986603615, 0.10762440050012628, 0.14285714285714288, 0.33333333333333337, 0.1899342940993966, 0.18156825980064073, 0.1899342940993966, 0.09523809523809525, 0.1904761904761905, 0.12156613477096617, 0.34914862437758787, 0.15877683720748895, 0.11396057645963797, 0.3175536744149779, 0.060522753266880246, 0.1899342940993966, 0.18156825980064073, 0.09523809523809525, 0.13093073414159545, 0.0, 0.12469593727770993, 0.6483527187784862, 0.3055050463303894, 0.1904761904761905, 0.12104550653376049, 0.3241763593892431, 0.16208817969462155, 0.09759000729485334, 0.28571428571428575, 0.2152488010002526, 0.2618614682831909, 0.20261022461827694, 0.07597371763975865, 0.18156825980064073], [0.18156825980064073, 0.18156825980064073, 0.9999999999999998, 0.1448413648755803, 0.1345345587992625, 0.20180183819889375, 0.40360367639778744, 0.2896827297511606, 0.20180183819889375, 0.2060104810498419, 0.22188007849009167, 0.23076923076923078, 0.24140227479263382, 0.18156825980064073, 0.24209101306752098, 0.16641005886756877, 0.3328201177351375, 0.36313651960128146, 0.06726727939963124, 0.4437601569801833, 0.15384615384615385, 0.38461538461538464, 0.26667876121581074, 0.20180183819889375, 0.2773500981126146, 0.10300524052492095, 0.16641005886756877, 0.18156825980064073, 0.034401045807689073, 0.23076923076923078, 0.09119215051751065, 0.12104550653376049, 0.38461538461538464, 0.1345345587992625, 0.15450786078738143, 0.23076923076923078, 0.06726727939963124, 0.24209101306752098, 0.16641005886756877, 0.0, 0.4103646773287979, 0.15450786078738143, 0.11094003924504584, 0.12104550653376049, 0.2575131013123024, 0.15384615384615385, 0.16641005886756877, 0.15384615384615385, 0.2773500981126146, 0.09656090991705353, 0.1345345587992625, 0.18156825980064073, 0.15384615384615385, 0.19312181983410706, 0.16641005886756877, 0.11094003924504584, 0.2575131013123024, 0.2060104810498419, 0.05547001962252292, 0.16641005886756877, 0.24140227479263382, 0.3076923076923077, 0.03809696588797297, 0.09119215051751065, 0.4236592728681617, 0.12104550653376049, 0.19312181983410706, 0.3076923076923077, 0.24140227479263382, 0.18156825980064073, 0.12104550653376049, 0.10300524052492095, 0.4437601569801833, 0.0, 0.0, 0.20180183819889375, 0.3076923076923077, 0.19312181983410706, 0.15384615384615385, 0.30261376633440124, 0.16641005886756877, 0.24209101306752098, 0.15848577035006547, 0.2060104810498419, 0.22188007849009167, 0.18156825980064073, 0.23076923076923078, 0.051502620262460476, 0.15450786078738143, 0.12403473458920847, 0.060522753266880246, 0.1823843010350213, 0.16641005886756877, 0.30901572157476287, 0.3379631847096874, 0.23076923076923078], [0.03798685881987932, 0.1519474352795173, 0.1448413648755803, 1.0, 0.16888013236829963, 0.16888013236829963, 0.16888013236829963, 0.09090909090909093, 0.16888013236829963, 0.1293016367670472, 0.06963106238227915, 0.24140227479263382, 0.12121212121212123, 0.49382916465843124, 0.11396057645963797, 0.38297084310253526, 0.1392621247645583, 0.11396057645963797, 0.16888013236829963, 0.17407765595569785, 0.09656090991705353, 0.19312181983410706, 0.07173421497882157, 0.16888013236829963, 0.17407765595569785, 0.1939524551505708, 0.1392621247645583, 0.07597371763975865, 0.1727334068350122, 0.09656090991705353, 0.05723638070321425, 0.30389487055903464, 0.1448413648755803, 0.46442036401282394, 0.1293016367670472, 0.19312181983410706, 0.12666009927622474, 0.1519474352795173, 0.1392621247645583, 0.12666009927622474, 0.3148000938676784, 0.0969762275752854, 0.487417436675954, 0.07597371763975865, 0.323254091917618, 0.1448413648755803, 0.24370871833797703, 0.19312181983410706, 0.10444659357341872, 0.12121212121212123, 0.2533201985524494, 0.1519474352795173, 0.1448413648755803, 0.3636363636363637, 0.1392621247645583, 0.03481553119113957, 0.2586032735340944, 0.0969762275752854, 0.06963106238227915, 0.4177863742936748, 0.18181818181818185, 0.2896827297511606, 0.2869368599152863, 0.20032733246124987, 0.11396057645963797, 0.11396057645963797, 0.27272727272727276, 0.2896827297511606, 0.36363636363636376, 0.37986858819879327, 0.30389487055903464, 0.4202303194929034, 0.03481553119113957, 0.12666009927622474, 0.39393939393939403, 0.12666009927622474, 0.048280454958526765, 0.12121212121212123, 0.1448413648755803, 0.1899342940993966, 0.17407765595569785, 0.41785544701867255, 0.14920941939059815, 0.0969762275752854, 0.1392621247645583, 0.5318160234783105, 0.3379631847096874, 0.161627045958809, 0.0646508183835236, 0.051899929610768204, 0.3038948705590346, 0.1144727614064285, 0.06963106238227915, 0.2586032735340944, 0.36363636363636376, 0.09656090991705353], [0.10585122480499264, 0.26462806201248157, 0.1345345587992625, 0.16888013236829963, 1.0, 0.23529411764705882, 0.35294117647058826, 0.16888013236829963, 0.5882352941176471, 0.27022640946662696, 0.048507125007266595, 0.3363363969981562, 0.16888013236829963, 0.15877683720748895, 0.21170244960998527, 0.048507125007266595, 0.5335783750799326, 0.10585122480499264, 0.1764705882352941, 0.09701425001453319, 0.269069117598525, 0.47087095579741867, 0.1665741511631924, 0.1764705882352941, 0.09701425001453319, 0.13511320473331348, 0.09701425001453319, 0.26462806201248157, 0.12033136751923737, 0.3363363969981562, 0.15949044456578, 0.26462806201248157, 0.1345345587992625, 0.29411764705882354, 0.27022640946662696, 0.20180183819889375, 0.29411764705882354, 0.15877683720748895, 0.1455213750217998, 0.23529411764705882, 0.11961783342433499, 0.40533961419994047, 0.24253562503633297, 0.26462806201248157, 0.09007546982220899, 0.269069117598525, 0.19402850002906638, 0.1345345587992625, 0.048507125007266595, 0.21110016546037452, 0.47058823529411764, 0.10585122480499264, 0.269069117598525, 0.12666009927622474, 0.24253562503633297, 0.09701425001453319, 0.13511320473331348, 0.09007546982220899, 0.2910427500435996, 0.1455213750217998, 0.12666009927622474, 0.20180183819889375, 0.09994449069791544, 0.11961783342433499, 0.10585122480499264, 0.10585122480499264, 0.04222003309207491, 0.1345345587992625, 0.33776026473659926, 0.26462806201248157, 0.15877683720748895, 0.22518867455552247, 0.2910427500435996, 0.29411764705882354, 0.21110016546037452, 0.23529411764705882, 0.3363363969981562, 0.16888013236829963, 0.269069117598525, 0.15877683720748895, 0.19402850002906638, 0.3175536744149779, 0.0692958928675237, 0.09007546982220899, 0.43656412506539943, 0.15877683720748895, 0.47087095579741867, 0.36030187928883595, 0.09007546982220899, 0.1084652289093281, 0.15877683720748895, 0.039872611141445, 0.24253562503633297, 0.36030187928883595, 0.21110016546037452, 0.20180183819889375], [0.21170244960998527, 0.21170244960998527, 0.20180183819889375, 0.16888013236829963, 0.23529411764705882, 1.0, 0.23529411764705882, 0.5066403971048988, 0.11764705882352941, 0.09007546982220899, 0.19402850002906638, 0.40360367639778744, 0.5910804632890486, 0.05292561240249632, 0.26462806201248157, 0.1455213750217998, 0.19402850002906638, 0.15877683720748895, 0.23529411764705882, 0.048507125007266595, 0.1345345587992625, 0.3363363969981562, 0.6996114348854081, 0.23529411764705882, 0.1455213750217998, 0.540452818933254, 0.09701425001453319, 0.21170244960998527, 0.12033136751923737, 0.269069117598525, 0.5582165559802301, 0.15877683720748895, 0.3363363969981562, 0.1764705882352941, 0.540452818933254, 0.1345345587992625, 0.1764705882352941, 0.21170244960998527, 0.19402850002906638, 0.1764705882352941, 0.19936305570722498, 0.13511320473331348, 0.19402850002906638, 0.3175536744149779, 0.18015093964441797, 0.06726727939963124, 0.048507125007266595, 0.40360367639778744, 0.1455213750217998, 0.42220033092074905, 0.23529411764705882, 0.10585122480499264, 0.06726727939963124, 0.08444006618414981, 0.19402850002906638, 0.1455213750217998, 0.22518867455552247, 0.18015093964441797, 0.19402850002906638, 0.19402850002906638, 0.42220033092074905, 0.1345345587992625, 0.5996669441874927, 0.039872611141445, 0.15877683720748895, 0.05292561240249632, 0.5488604301969737, 0.1345345587992625, 0.16888013236829963, 0.10585122480499264, 0.10585122480499264, 0.5854905538443586, 0.1455213750217998, 0.6470588235294118, 0.21110016546037452, 0.29411764705882354, 0.20180183819889375, 0.5066403971048988, 0.20180183819889375, 0.5821817364274594, 0.048507125007266595, 0.15877683720748895, 0.03464794643376185, 0.13511320473331348, 0.19402850002906638, 0.10585122480499264, 0.20180183819889375, 0.13511320473331348, 0.450377349111045, 0.07231015260621873, 0.21170244960998527, 0.15949044456578, 0.19402850002906638, 0.27022640946662696, 0.16888013236829963, 0.1345345587992625], [0.10585122480499264, 0.10585122480499264, 0.40360367639778744, 0.16888013236829963, 0.35294117647058826, 0.23529411764705882, 1.0, 0.12666009927622474, 0.29411764705882354, 0.40533961419994047, 0.09701425001453319, 0.40360367639778744, 0.16888013236829963, 0.21170244960998527, 0.47633051162246687, 0.09701425001453319, 0.1455213750217998, 0.10585122480499264, 0.1764705882352941, 0.2910427500435996, 0.269069117598525, 0.20180183819889375, 0.3331483023263848, 0.1764705882352941, 0.09701425001453319, 0.13511320473331348, 0.048507125007266595, 0.26462806201248157, 0.09024852563942803, 0.3363363969981562, 0.19936305570722498, 0.21170244960998527, 0.1345345587992625, 0.23529411764705882, 0.22518867455552247, 0.1345345587992625, 0.1764705882352941, 0.15877683720748895, 0.3880570000581328, 0.23529411764705882, 0.4784713336973401, 0.27022640946662696, 0.19402850002906638, 0.21170244960998527, 0.13511320473331348, 0.269069117598525, 0.19402850002906638, 0.20180183819889375, 0.0, 0.21110016546037452, 0.11764705882352941, 0.15877683720748895, 0.3363363969981562, 0.12666009927622474, 0.24253562503633297, 0.09701425001453319, 0.13511320473331348, 0.09007546982220899, 0.24253562503633297, 0.24253562503633297, 0.12666009927622474, 0.1345345587992625, 0.13325932093055393, 0.07974522228289, 0.10585122480499264, 0.10585122480499264, 0.04222003309207491, 0.20180183819889375, 0.21110016546037452, 0.5292561240249631, 0.15877683720748895, 0.22518867455552247, 0.2910427500435996, 0.23529411764705882, 0.37998029782867415, 0.4705882352941177, 0.269069117598525, 0.33776026473659926, 0.269069117598525, 0.21170244960998527, 0.19402850002906638, 0.26462806201248157, 0.0692958928675237, 0.09007546982220899, 0.24253562503633297, 0.15877683720748895, 0.47087095579741867, 0.3152641443777314, 0.22518867455552247, 0.1084652289093281, 0.21170244960998527, 0.039872611141445, 0.24253562503633297, 0.27022640946662696, 0.422200330920749, 0.53813823519705], [0.11396057645963797, 0.07597371763975865, 0.2896827297511606, 0.09090909090909093, 0.16888013236829963, 0.5066403971048988, 0.12666009927622474, 0.9999999999999999, 0.12666009927622474, 0.2586032735340944, 0.1392621247645583, 0.19312181983410706, 0.5454545454545456, 0.07597371763975865, 0.1899342940993966, 0.06963106238227915, 0.17407765595569785, 0.1899342940993966, 0.08444006618414981, 0.10444659357341872, 0.19312181983410706, 0.19312181983410706, 0.4782280998588105, 0.12666009927622474, 0.24370871833797697, 0.3555795011093798, 0.38297084310253526, 0.45584230583855184, 0.04318335170875306, 0.19312181983410706, 0.3148000938676784, 0.11396057645963797, 0.1448413648755803, 0.08444006618414981, 0.3879049103011416, 0.048280454958526765, 0.12666009927622474, 0.1899342940993966, 0.06963106238227915, 0.04222003309207491, 0.17170914210964275, 0.1293016367670472, 0.10444659357341872, 0.11396057645963797, 0.1293016367670472, 0.3379631847096874, 0.38297084310253526, 0.1448413648755803, 0.45260190548481444, 0.5757575757575758, 0.04222003309207491, 0.07597371763975865, 0.1448413648755803, 0.18181818181818185, 0.1392621247645583, 0.10444659357341872, 0.3879049103011416, 0.161627045958809, 0.10444659357341872, 0.1392621247645583, 0.36363636363636376, 0.1448413648755803, 0.38258247988704835, 0.17170914210964275, 0.3418817293789139, 0.03798685881987932, 0.3333333333333334, 0.1448413648755803, 0.18181818181818185, 0.1519474352795173, 0.1519474352795173, 0.484881137876427, 0.10444659357341872, 0.42220033092074905, 0.030303030303030307, 0.16888013236829963, 0.4828045495852677, 0.3939393939393941, 0.048280454958526765, 0.45584230583855195, 0.17407765595569785, 0.3038948705590346, 0.39789178504159506, 0.161627045958809, 0.17407765595569785, 0.07597371763975865, 0.1448413648755803, 0.1293016367670472, 0.4525557286846652, 0.10379985922153641, 0.07597371763975865, 0.3148000938676784, 0.1392621247645583, 0.1293016367670472, 0.24242424242424246, 0.19312181983410706], [0.05292561240249632, 0.3175536744149779, 0.20180183819889375, 0.16888013236829963, 0.5882352941176471, 0.11764705882352941, 0.29411764705882354, 0.12666009927622474, 1.0, 0.540452818933254, 0.0, 0.269069117598525, 0.08444006618414981, 0.21170244960998527, 0.15877683720748895, 0.09701425001453319, 0.5820855000871992, 0.21170244960998527, 0.11764705882352941, 0.1455213750217998, 0.20180183819889375, 0.269069117598525, 0.13325932093055393, 0.11764705882352941, 0.1455213750217998, 0.04503773491110449, 0.1455213750217998, 0.26462806201248157, 0.09024852563942803, 0.269069117598525, 0.11961783342433499, 0.15877683720748895, 0.20180183819889375, 0.35294117647058826, 0.18015093964441797, 0.20180183819889375, 0.411764705882353, 0.10585122480499264, 0.19402850002906638, 0.1764705882352941, 0.07974522228289, 0.36030187928883595, 0.1455213750217998, 0.15877683720748895, 0.3152641443777314, 0.20180183819889375, 0.1455213750217998, 0.06726727939963124, 0.09701425001453319, 0.16888013236829963, 0.411764705882353, 0.21170244960998527, 0.269069117598525, 0.16888013236829963, 0.24253562503633297, 0.048507125007266595, 0.18015093964441797, 0.40533961419994047, 0.24253562503633297, 0.09701425001453319, 0.21110016546037452, 0.20180183819889375, 0.13325932093055393, 0.15949044456578, 0.15877683720748895, 0.15877683720748895, 0.04222003309207491, 0.20180183819889375, 0.29554023164452436, 0.21170244960998527, 0.21170244960998527, 0.13511320473331348, 0.3395498750508662, 0.29411764705882354, 0.12666009927622474, 0.11764705882352941, 0.269069117598525, 0.12666009927622474, 0.3363363969981562, 0.21170244960998527, 0.43656412506539943, 0.21170244960998527, 0.10394383930128556, 0.09007546982220899, 0.3880570000581328, 0.21170244960998527, 0.3363363969981562, 0.36030187928883595, 0.09007546982220899, 0.07231015260621873, 0.10585122480499264, 0.07974522228289, 0.24253562503633297, 0.09007546982220899, 0.21110016546037452, 0.1345345587992625], [0.3646984043128985, 0.08104408984731078, 0.2060104810498419, 0.1293016367670472, 0.27022640946662696, 0.09007546982220899, 0.40533961419994047, 0.2586032735340944, 0.540452818933254, 0.9999999999999998, 0.0, 0.2060104810498419, 0.1939524551505708, 0.16208817969462155, 0.28365431446558775, 0.3713906763541037, 0.18569533817705186, 0.12156613477096617, 0.09007546982220899, 0.11141720290623112, 0.2060104810498419, 0.2060104810498419, 0.10202886549856947, 0.13511320473331348, 0.11141720290623112, 0.034482758620689655, 0.5570860145311556, 0.36469840431289846, 0.04606534397048788, 0.2060104810498419, 0.09158437663089952, 0.12156613477096617, 0.15450786078738143, 0.27022640946662696, 0.13793103448275862, 0.15450786078738143, 0.3152641443777314, 0.12156613477096617, 0.297112541083283, 0.13511320473331348, 0.18316875326179904, 0.13793103448275862, 0.11141720290623112, 0.12156613477096617, 0.27586206896551724, 0.3605183418372233, 0.11141720290623112, 0.051502620262460476, 0.11141720290623112, 0.4202303194929034, 0.13511320473331348, 0.20261022461827694, 0.15450786078738143, 0.2586032735340944, 0.1485562705416415, 0.037139067635410375, 0.13793103448275862, 0.3103448275862069, 0.18569533817705186, 0.07427813527082075, 0.161627045958809, 0.15450786078738143, 0.10202886549856947, 0.1221125021745327, 0.12156613477096617, 0.12156613477096617, 0.0323254091917618, 0.15450786078738143, 0.1293016367670472, 0.32417635938924316, 0.3241763593892431, 0.24137931034482757, 0.2599734734478726, 0.18015093964441797, 0.2262778643423326, 0.27022640946662696, 0.4120209620996838, 0.2262778643423326, 0.2575131013123024, 0.16208817969462155, 0.7799204203436181, 0.16208817969462155, 0.3979185818079683, 0.034482758620689655, 0.18569533817705186, 0.16208817969462155, 0.2575131013123024, 0.27586206896551724, 0.3448275862068966, 0.05536365323582665, 0.08104408984731078, 0.09158437663089952, 0.1485562705416415, 0.06896551724137931, 0.2586032735340944, 0.30901572157476287], [0.2618614682831909, 0.17457431218879393, 0.22188007849009167, 0.06963106238227915, 0.048507125007266595, 0.19402850002906638, 0.09701425001453319, 0.1392621247645583, 0.0, 0.0, 1.0000000000000002, 0.11094003924504584, 0.4177863742936748, 0.08728715609439697, 0.13093073414159545, 0.16000000000000003, 0.08000000000000002, 0.13093073414159545, 0.19402850002906638, 0.12000000000000002, 0.2773500981126146, 0.11094003924504584, 0.2747211278973781, 0.24253562503633297, 0.12000000000000002, 0.22283440581246222, 0.16000000000000003, 0.08728715609439697, 0.09922778767136678, 0.11094003924504584, 0.09863939238321438, 0.4800793585191833, 0.22188007849009167, 0.048507125007266595, 0.07427813527082075, 0.22188007849009167, 0.19402850002906638, 0.17457431218879393, 0.40000000000000013, 0.5335783750799326, 0.13151918984428584, 0.07427813527082075, 0.12000000000000002, 0.13093073414159545, 0.4085297439895141, 0.16641005886756877, 0.16000000000000003, 0.2773500981126146, 0.20000000000000004, 0.06963106238227915, 0.1455213750217998, 0.13093073414159545, 0.22188007849009167, 0.10444659357341872, 0.08000000000000002, 0.5200000000000002, 0.4085297439895141, 0.18569533817705186, 0.08000000000000002, 0.20000000000000004, 0.06963106238227915, 0.16641005886756877, 0.08241633836921343, 0.36167777207178603, 0.21821789023599242, 0.17457431218879393, 0.17407765595569785, 0.16641005886756877, 0.38297084310253526, 0.08728715609439697, 0.13093073414159545, 0.11141720290623112, 0.12000000000000002, 0.1455213750217998, 0.10444659357341872, 0.19402850002906638, 0.16641005886756877, 0.4177863742936748, 0.05547001962252292, 0.08728715609439697, 0.12000000000000002, 0.13093073414159545, 0.08571428571428572, 0.18569533817705186, 0.40000000000000013, 0.08728715609439697, 0.11094003924504584, 0.07427813527082075, 0.1485562705416415, 0.1192569587999888, 0.17457431218879393, 0.3945575695328575, 0.40000000000000013, 0.4828078792603348, 0.38297084310253526, 0.22188007849009167], [0.36313651960128146, 0.36313651960128146, 0.23076923076923078, 0.24140227479263382, 0.3363363969981562, 0.40360367639778744, 0.40360367639778744, 0.19312181983410706, 0.269069117598525, 0.2060104810498419, 0.11094003924504584, 0.9999999999999998, 0.24140227479263382, 0.18156825980064073, 0.5447047794019222, 0.05547001962252292, 0.22188007849009167, 0.18156825980064073, 0.269069117598525, 0.16641005886756877, 0.15384615384615385, 0.38461538461538464, 0.19048482943986483, 0.269069117598525, 0.16641005886756877, 0.2575131013123024, 0.16641005886756877, 0.24209101306752098, 0.1376041832307563, 0.3076923076923077, 0.1823843010350213, 0.24209101306752098, 0.23076923076923078, 0.20180183819889375, 0.36051834183722337, 0.07692307692307693, 0.1345345587992625, 0.24209101306752098, 0.22188007849009167, 0.20180183819889375, 0.1823843010350213, 0.2575131013123024, 0.16641005886756877, 0.4236592728681617, 0.10300524052492095, 0.3076923076923077, 0.22188007849009167, 0.3076923076923077, 0.05547001962252292, 0.19312181983410706, 0.20180183819889375, 0.12104550653376049, 0.23076923076923078, 0.1448413648755803, 0.3328201177351375, 0.05547001962252292, 0.2575131013123024, 0.2060104810498419, 0.22188007849009167, 0.22188007849009167, 0.09656090991705353, 0.5384615384615385, 0.07619393177594594, 0.04559607525875532, 0.18156825980064073, 0.060522753266880246, 0.09656090991705353, 0.38461538461538464, 0.2896827297511606, 0.24209101306752098, 0.12104550653376049, 0.2060104810498419, 0.11094003924504584, 0.20180183819889375, 0.19312181983410706, 0.6054055145966812, 0.23076923076923078, 0.19312181983410706, 0.23076923076923078, 0.30261376633440124, 0.16641005886756877, 0.24209101306752098, 0.1188643277625491, 0.36051834183722337, 0.3328201177351375, 0.24209101306752098, 0.38461538461538464, 0.10300524052492095, 0.051502620262460476, 0.12403473458920847, 0.24209101306752098, 0.09119215051751065, 0.4437601569801833, 0.15450786078738143, 0.2896827297511606, 0.15384615384615385], [0.11396057645963797, 0.07597371763975865, 0.24140227479263382, 0.12121212121212123, 0.16888013236829963, 0.5910804632890486, 0.16888013236829963, 0.5454545454545456, 0.08444006618414981, 0.1939524551505708, 0.4177863742936748, 0.24140227479263382, 0.9999999999999999, 0.11396057645963797, 0.1899342940993966, 0.10444659357341872, 0.1392621247645583, 0.1899342940993966, 0.2533201985524494, 0.10444659357341872, 0.09656090991705353, 0.19312181983410706, 0.6934307447952752, 0.08444006618414981, 0.10444659357341872, 0.3879049103011416, 0.20889318714683744, 0.3038948705590346, 0.04318335170875306, 0.19312181983410706, 0.3434182842192855, 0.1519474352795173, 0.1448413648755803, 0.04222003309207491, 0.3879049103011416, 0.09656090991705353, 0.2955402316445243, 0.1519474352795173, 0.06963106238227915, 0.04222003309207491, 0.20032733246124987, 0.161627045958809, 0.1392621247645583, 0.1519474352795173, 0.3879049103011416, 0.3379631847096874, 0.10444659357341872, 0.3862436396682142, 0.10444659357341872, 0.3030303030303031, 0.08444006618414981, 0.07597371763975865, 0.1448413648755803, 0.3030303030303031, 0.1392621247645583, 0.1392621247645583, 0.3879049103011416, 0.161627045958809, 0.2088931871468374, 0.1392621247645583, 0.36363636363636376, 0.19312181983410706, 0.47822809985881043, 0.25756371316446414, 0.1899342940993966, 0.1899342940993966, 0.3939393939393941, 0.19312181983410706, 0.18181818181818185, 0.1519474352795173, 0.1519474352795173, 0.5495319562599505, 0.10444659357341872, 0.37998029782867415, 0.21212121212121215, 0.21110016546037452, 0.4345240946267409, 0.36363636363636376, 0.048280454958526765, 0.4938291646584313, 0.17407765595569785, 0.1899342940993966, 0.3730235484764954, 0.161627045958809, 0.1392621247645583, 0.22792115291927592, 0.1448413648755803, 0.0323254091917618, 0.4525557286846652, 0.10379985922153641, 0.07597371763975865, 0.05723638070321425, 0.4177863742936748, 0.3879049103011416, 0.24242424242424246, 0.19312181983410706], [0.14285714285714288, 0.09523809523809525, 0.18156825980064073, 0.49382916465843124, 0.15877683720748895, 0.05292561240249632, 0.21170244960998527, 0.07597371763975865, 0.21170244960998527, 0.16208817969462155, 0.08728715609439697, 0.18156825980064073, 0.11396057645963797, 1.0000000000000004, 0.04761904761904762, 0.2618614682831909, 0.08728715609439697, 0.14285714285714288, 0.3704792868174742, 0.21821789023599242, 0.24209101306752098, 0.12104550653376049, 0.08992359739952711, 0.10585122480499264, 0.13093073414159545, 0.12156613477096617, 0.17457431218879393, 0.28571428571428575, 0.054133196196076684, 0.12104550653376049, 0.10762440050012628, 0.2380952380952381, 0.060522753266880246, 0.21170244960998527, 0.08104408984731078, 0.30261376633440124, 0.21170244960998527, 0.09523809523809525, 0.08728715609439697, 0.21170244960998527, 0.14349920066683505, 0.24313226954193232, 0.13093073414159545, 0.04761904761904762, 0.48626453908386474, 0.30261376633440124, 0.21821789023599242, 0.12104550653376049, 0.17457431218879393, 0.1519474352795173, 0.15877683720748895, 0.28571428571428575, 0.30261376633440124, 0.1519474352795173, 0.08728715609439697, 0.13093073414159545, 0.08104408984731078, 0.12156613477096617, 0.13093073414159545, 0.08728715609439697, 0.1519474352795173, 0.30261376633440124, 0.1498726623325452, 0.17937400083354382, 0.14285714285714288, 0.4285714285714286, 0.1519474352795173, 0.36313651960128146, 0.45584230583855195, 0.1904761904761905, 0.2380952380952381, 0.16208817969462155, 0.13093073414159545, 0.21170244960998527, 0.45584230583855195, 0.15877683720748895, 0.18156825980064073, 0.07597371763975865, 0.24209101306752098, 0.33333333333333337, 0.2618614682831909, 0.2380952380952381, 0.15586992159713742, 0.12156613477096617, 0.08728715609439697, 0.6190476190476192, 0.18156825980064073, 0.16208817969462155, 0.16208817969462155, 0.13012000972647111, 0.28571428571428575, 0.2152488010002526, 0.08728715609439697, 0.04052204492365539, 0.37986858819879327, 0.24209101306752098], [0.28571428571428575, 0.5714285714285715, 0.24209101306752098, 0.11396057645963797, 0.21170244960998527, 0.26462806201248157, 0.47633051162246687, 0.1899342940993966, 0.15877683720748895, 0.28365431446558775, 0.13093073414159545, 0.5447047794019222, 0.1899342940993966, 0.04761904761904762, 1.0, 0.043643578047198484, 0.2618614682831909, 0.1904761904761905, 0.21170244960998527, 0.08728715609439697, 0.060522753266880246, 0.30261376633440124, 0.1498726623325452, 0.21170244960998527, 0.21821789023599242, 0.24313226954193232, 0.08728715609439697, 0.2380952380952381, 0.10826639239215337, 0.30261376633440124, 0.14349920066683505, 0.14285714285714288, 0.24209101306752098, 0.10585122480499264, 0.20261022461827694, 0.24209101306752098, 0.05292561240249632, 0.28571428571428575, 0.39279220242478635, 0.15877683720748895, 0.10762440050012628, 0.12156613477096617, 0.34914862437758787, 0.380952380952381, 0.08104408984731078, 0.12104550653376049, 0.08728715609439697, 0.24209101306752098, 0.08728715609439697, 0.11396057645963797, 0.10585122480499264, 0.0, 0.18156825980064073, 0.11396057645963797, 0.2618614682831909, 0.08728715609439697, 0.20261022461827694, 0.16208817969462155, 0.17457431218879393, 0.2618614682831909, 0.1519474352795173, 0.4236592728681617, 0.059949064933018076, 0.03587480016670876, 0.1904761904761905, 0.2380952380952381, 0.11396057645963797, 0.12104550653376049, 0.1519474352795173, 0.380952380952381, 0.04761904761904762, 0.16208817969462155, 0.2618614682831909, 0.10585122480499264, 0.22792115291927592, 0.5821817364274594, 0.24209101306752098, 0.37986858819879327, 0.24209101306752098, 0.14285714285714288, 0.08728715609439697, 0.14285714285714288, 0.062347968638854966, 0.6483527187784862, 0.21821789023599242, 0.14285714285714288, 0.30261376633440124, 0.24313226954193234, 0.24313226954193232, 0.09759000729485334, 0.1904761904761905, 0.10762440050012628, 0.39279220242478635, 0.20261022461827694, 0.1899342940993966, 0.4841820261350419], [0.5673665146135802, 0.17457431218879393, 0.16641005886756877, 0.38297084310253526, 0.048507125007266595, 0.1455213750217998, 0.09701425001453319, 0.06963106238227915, 0.09701425001453319, 0.3713906763541037, 0.16000000000000003, 0.05547001962252292, 0.10444659357341872, 0.2618614682831909, 0.043643578047198484, 1.0000000000000002, 0.08000000000000002, 0.13093073414159545, 0.09701425001453319, 0.12000000000000002, 0.22188007849009167, 0.11094003924504584, 0.10988845115895124, 0.09701425001453319, 0.16000000000000003, 0.18569533817705186, 0.4800000000000002, 0.08728715609439697, 0.04961389383568339, 0.16641005886756877, 0.13151918984428584, 0.13093073414159545, 0.16641005886756877, 0.5335783750799326, 0.0, 0.2773500981126146, 0.19402850002906638, 0.08728715609439697, 0.08000000000000002, 0.1455213750217998, 0.46031716445500037, 0.11141720290623112, 0.44000000000000017, 0.13093073414159545, 0.22283440581246222, 0.16641005886756877, 0.12000000000000002, 0.22188007849009167, 0.24000000000000005, 0.3481553119113957, 0.1455213750217998, 0.2618614682831909, 0.16641005886756877, 0.4177863742936748, 0.0, 0.20000000000000004, 0.07427813527082075, 0.1485562705416415, 0.08000000000000002, 0.40000000000000013, 0.1392621247645583, 0.16641005886756877, 0.3296653534768538, 0.1643989873053573, 0.13093073414159545, 0.21821789023599242, 0.2088931871468374, 0.22188007849009167, 0.06963106238227915, 0.43643578047198484, 0.17457431218879393, 0.44566881162492444, 0.20000000000000004, 0.19402850002906638, 0.1392621247645583, 0.19402850002906638, 0.16641005886756877, 0.06963106238227915, 0.16641005886756877, 0.17457431218879393, 0.4800000000000001, 0.4800793585191833, 0.08571428571428572, 0.11141720290623112, 0.0, 0.08728715609439697, 0.05547001962252292, 0.1485562705416415, 0.22283440581246222, 0.1192569587999888, 0.08728715609439697, 0.13151918984428584, 0.08000000000000002, 0.11141720290623112, 0.0, 0.22188007849009167], [0.043643578047198484, 0.5237229365663818, 0.3328201177351375, 0.1392621247645583, 0.5335783750799326, 0.19402850002906638, 0.1455213750217998, 0.17407765595569785, 0.5820855000871992, 0.18569533817705186, 0.08000000000000002, 0.22188007849009167, 0.1392621247645583, 0.08728715609439697, 0.2618614682831909, 0.08000000000000002, 1.0000000000000002, 0.21821789023599242, 0.19402850002906638, 0.12000000000000002, 0.05547001962252292, 0.3328201177351375, 0.10988845115895124, 0.1455213750217998, 0.24000000000000005, 0.037139067635410375, 0.08000000000000002, 0.17457431218879393, 0.07442084075352509, 0.22188007849009167, 0.09863939238321438, 0.08728715609439697, 0.2773500981126146, 0.1455213750217998, 0.1485562705416415, 0.05547001962252292, 0.0, 0.2618614682831909, 0.24000000000000005, 0.09701425001453319, 0.06575959492214292, 0.3713906763541037, 0.08000000000000002, 0.13093073414159545, 0.1485562705416415, 0.11094003924504584, 0.04000000000000001, 0.16641005886756877, 0.16000000000000003, 0.10444659357341872, 0.5335783750799326, 0.08728715609439697, 0.11094003924504584, 0.1392621247645583, 0.20000000000000004, 0.04000000000000001, 0.22283440581246222, 0.11141720290623112, 0.08000000000000002, 0.16000000000000003, 0.17407765595569785, 0.16641005886756877, 0.08241633836921343, 0.03287979746107146, 0.21821789023599242, 0.13093073414159545, 0.10444659357341872, 0.16641005886756877, 0.4177863742936749, 0.08728715609439697, 0.08728715609439697, 0.11141720290623112, 0.12000000000000002, 0.048507125007266595, 0.06963106238227915, 0.09701425001453319, 0.16641005886756877, 0.1392621247645583, 0.22188007849009167, 0.17457431218879393, 0.12000000000000002, 0.08728715609439697, 0.08571428571428572, 0.11141720290623112, 0.5200000000000001, 0.17457431218879393, 0.16641005886756877, 0.4085297439895141, 0.11141720290623112, 0.0596284793999944, 0.08728715609439697, 0.19727878476642874, 0.16000000000000003, 0.11141720290623112, 0.1392621247645583, 0.11094003924504584], [0.09523809523809525, 0.2380952380952381, 0.36313651960128146, 0.11396057645963797, 0.10585122480499264, 0.15877683720748895, 0.10585122480499264, 0.1899342940993966, 0.21170244960998527, 0.12156613477096617, 0.13093073414159545, 0.18156825980064073, 0.1899342940993966, 0.14285714285714288, 0.1904761904761905, 0.13093073414159545, 0.21821789023599242, 1.0000000000000004, 0.05292561240249632, 0.34914862437758787, 0.060522753266880246, 0.30261376633440124, 0.08992359739952711, 0.05292561240249632, 0.17457431218879393, 0.12156613477096617, 0.13093073414159545, 0.1904761904761905, 0.054133196196076684, 0.18156825980064073, 0.21524880100025257, 0.09523809523809525, 0.24209101306752098, 0.10585122480499264, 0.48626453908386474, 0.18156825980064073, 0.05292561240249632, 0.14285714285714288, 0.13093073414159545, 0.05292561240249632, 0.03587480016670876, 0.6078306738548309, 0.08728715609439697, 0.09523809523809525, 0.16208817969462155, 0.18156825980064073, 0.2618614682831909, 0.18156825980064073, 0.34914862437758787, 0.03798685881987932, 0.10585122480499264, 0.4761904761904762, 0.18156825980064073, 0.1519474352795173, 0.17457431218879393, 0.43643578047198484, 0.20261022461827694, 0.16208817969462155, 0.043643578047198484, 0.34914862437758787, 0.1899342940993966, 0.24209101306752098, 0.029974532466509038, 0.07174960033341753, 0.28571428571428575, 0.09523809523809525, 0.1519474352795173, 0.24209101306752098, 0.1519474352795173, 0.1904761904761905, 0.04761904761904762, 0.08104408984731078, 0.21821789023599242, 0.05292561240249632, 0.3038948705590346, 0.15877683720748895, 0.24209101306752098, 0.11396057645963797, 0.36313651960128146, 0.4285714285714286, 0.08728715609439697, 0.14285714285714288, 0.15586992159713742, 0.24313226954193232, 0.17457431218879393, 0.14285714285714288, 0.12104550653376049, 0.04052204492365539, 0.12156613477096617, 0.6506000486323554, 0.28571428571428575, 0.10762440050012628, 0.17457431218879393, 0.08104408984731078, 0.1519474352795173, 0.18156825980064073], [0.15877683720748895, 0.21170244960998527, 0.06726727939963124, 0.16888013236829963, 0.1764705882352941, 0.23529411764705882, 0.1764705882352941, 0.08444006618414981, 0.11764705882352941, 0.09007546982220899, 0.19402850002906638, 0.269069117598525, 0.2533201985524494, 0.3704792868174742, 0.21170244960998527, 0.09701425001453319, 0.19402850002906638, 0.05292561240249632, 1.0, 0.1455213750217998, 0.269069117598525, 0.1345345587992625, 0.06662966046527696, 0.35294117647058826, 0.19402850002906638, 0.13511320473331348, 0.19402850002906638, 0.3175536744149779, 0.21057989315866538, 0.1345345587992625, 0.15949044456578, 0.21170244960998527, 0.20180183819889375, 0.23529411764705882, 0.18015093964441797, 0.20180183819889375, 0.4705882352941177, 0.26462806201248157, 0.2910427500435996, 0.411764705882353, 0.15949044456578, 0.13511320473331348, 0.19402850002906638, 0.15877683720748895, 0.04503773491110449, 0.269069117598525, 0.1455213750217998, 0.6054055145966812, 0.1455213750217998, 0.16888013236829963, 0.29411764705882354, 0.15877683720748895, 0.269069117598525, 0.2533201985524494, 0.24253562503633297, 0.1455213750217998, 0.09007546982220899, 0.13511320473331348, 0.43656412506539943, 0.19402850002906638, 0.04222003309207491, 0.20180183819889375, 0.3331483023263848, 0.11961783342433499, 0.05292561240249632, 0.688032961232452, 0.12666009927622474, 0.20180183819889375, 0.12666009927622474, 0.10585122480499264, 0.26462806201248157, 0.13511320473331348, 0.048507125007266595, 0.29411764705882354, 0.422200330920749, 0.23529411764705882, 0.06726727939963124, 0.16888013236829963, 0.3363363969981562, 0.15877683720748895, 0.1455213750217998, 0.10585122480499264, 0.10394383930128556, 0.13511320473331348, 0.19402850002906638, 0.47633051162246687, 0.20180183819889375, 0.22518867455552247, 0.13511320473331348, 0.07231015260621873, 0.5292561240249631, 0.358853500273005, 0.09701425001453319, 0.22518867455552247, 0.16888013236829963, 0.1345345587992625], [0.13093073414159545, 0.13093073414159545, 0.4437601569801833, 0.17407765595569785, 0.09701425001453319, 0.048507125007266595, 0.2910427500435996, 0.10444659357341872, 0.1455213750217998, 0.11141720290623112, 0.12000000000000002, 0.16641005886756877, 0.10444659357341872, 0.21821789023599242, 0.08728715609439697, 0.12000000000000002, 0.12000000000000002, 0.34914862437758787, 0.1455213750217998, 1.0000000000000004, 0.3882901373576604, 0.2773500981126146, 0.13736056394868906, 0.3395498750508662, 0.16000000000000003, 0.22283440581246225, 0.20000000000000004, 0.08728715609439697, 0.17364862842489184, 0.11094003924504584, 0.13151918984428584, 0.17457431218879393, 0.16641005886756877, 0.09701425001453319, 0.25997347344787264, 0.22188007849009167, 0.19402850002906638, 0.13093073414159545, 0.12000000000000002, 0.09701425001453319, 0.29591817714964314, 0.4085297439895141, 0.08000000000000002, 0.043643578047198484, 0.11141720290623112, 0.22188007849009167, 0.32000000000000006, 0.16641005886756877, 0.4800000000000001, 0.1392621247645583, 0.43656412506539943, 0.17457431218879393, 0.44376015698018334, 0.10444659357341872, 0.28, 0.16000000000000003, 0.1485562705416415, 0.33425160871869336, 0.04000000000000001, 0.44000000000000006, 0.1392621247645583, 0.3882901373576604, 0.08241633836921343, 0.1643989873053573, 0.17457431218879393, 0.17457431218879393, 0.1392621247645583, 0.3328201177351375, 0.31333978072025614, 0.13093073414159545, 0.13093073414159545, 0.07427813527082075, 0.24000000000000005, 0.09701425001453319, 0.06963106238227915, 0.1455213750217998, 0.16641005886756877, 0.10444659357341872, 0.33282011773513753, 0.39279220242478635, 0.16000000000000003, 0.13093073414159545, 0.31428571428571433, 0.18569533817705186, 0.12000000000000002, 0.2618614682831909, 0.11094003924504584, 0.1485562705416415, 0.11141720290623112, 0.0894427190999916, 0.3055050463303894, 0.13151918984428584, 0.08000000000000002, 0.22283440581246222, 0.27852424952911653, 0.22188007849009167], [0.30261376633440124, 0.12104550653376049, 0.15384615384615385, 0.09656090991705353, 0.269069117598525, 0.1345345587992625, 0.269069117598525, 0.19312181983410706, 0.20180183819889375, 0.2060104810498419, 0.2773500981126146, 0.15384615384615385, 0.09656090991705353, 0.24209101306752098, 0.060522753266880246, 0.22188007849009167, 0.05547001962252292, 0.060522753266880246, 0.269069117598525, 0.3882901373576604, 0.9999999999999998, 0.0, 0.07619393177594594, 0.6054055145966812, 0.05547001962252292, 0.30901572157476287, 0.2773500981126146, 0.12104550653376049, 